18
4
37.494857575058084 126.9990903889897
37.49495627365748 126.99788787135293
37.49410594298376 126.99784002582363
37.494030020131376 126.99902021554671
5
37.485783418243045 126.99857857763087
37.48586694259713 126.99798529306734
37.48557587247403 126.99720062638659
37.48468746882462 126.99775882422858
37.48510256472214 126.99901556679859
5
37.4791554657727 127.00560476352038
37.4812264551576 127.00464887302316
37.48073662342268 127.00419629032417
37.480370522539786 127.00341844973183
37.47872304636297 127.0044591467961
6
37.48051249590074 127.01048090119816
37.480478439978185 127.00909151696773
37.479375871099506 127.00910761022136
37.479363099936116 127.00974061153099
37.47926518761082 127.00982644221703
37.479605751667535 127.01052381654121
10
37.484769970933 127.00825234232988
37.4854381822877 127.00641642566063
37.48497998759228 127.00615710568042
37.484924304038884 127.00601037939052
37.48495973903221 127.00586365310062
37.48487013601541 127.00397215562381
37.48431173531168 127.00386840446924
37.48285486252811 127.00454053149262
37.48357435360974 127.00813122365756
37.48420435006324 127.00796431962628
4
37.48466267011885 127.0088985063507
37.48555866721727 127.00940885866709
37.485945916878045 127.00834349821076
37.485047393360205 127.00782676649416
5
37.488815146544034 127.00670671750485
37.48976879326093 127.00673975751023
37.48978213371384 127.00590287954468
37.48960756670058 127.00532631067335
37.48877084328345 127.00530355137582
8
37.484283249707666 127.02323018226907
37.48467153794106 127.02345398202834
37.48528050890961 127.02271870158845
37.485303288441514 127.02238697258521
37.485361502769244 127.0223040403344
37.48517673539861 127.02180325712759
37.484404757194724 127.02213498613084
37.48427820262981 127.02322267449723
4
37.49038367719899 127.02214202958159
37.48943488920066 127.02136319705343
37.489218343681095 127.02181203356992
37.490127472728744 127.02250445976154
4
37.4904168952308 127.02545496622345
37.49095377518282 127.02697965710358
37.491891516242376 127.02648796684934
37.4914262263485 127.02495876504946
4
37.493587446820676 127.02570285343012
37.49436633547442 127.02535953068589
37.49392233500571 127.0237270406547
37.4930991502194 127.02412400159389
4
37.499011486111876 127.02507827390198
37.49987397209249 127.02465875836396
37.49942304705485 127.02312053472454
37.49858918643859 127.02353102842302
4
37.49849255821149 127.02332352611388
37.49960914343214 127.02282732493988
37.499201976300704 127.02139562215173
37.49806537471534 127.021908309861
5
37.49977613793301 127.01685987588299
37.50067701481649 127.01769557779501
37.501099613433276 127.0165472850924
37.500590976486244 127.0159316726152
37.49972805712343 127.01670358048816
4
37.501266167565824 127.01682960402125
37.50184069926149 127.01753709711225
37.50273934776615 127.01648789761178
37.50192116772067 127.01562580262284
5
37.50194038452862 127.01552831870947
37.5026260416879 127.01622568704988
37.50328808482703 127.01483632376268
37.503195041280954 127.01466039789189
37.50260099129168 127.0141867513167
6
37.50744454336339 127.0178821135639
37.507460029526534 127.017792313147
37.507035707495014 127.01794848778509
37.50779452986582 127.01890505744342
37.50789054357523 127.01881135266056
37.50723393122599 127.01800705327439
8
37.504864 127.001652
37.502628 127.003429
37.495173 127.005996
37.496224 127.010112
37.499769 127.007386
37.503282 127.005866
37.504914 127.010115
37.506966 127.008951