1
1000
100
19
127.0532271666 37.5131880742
127.0487517899 37.50448508902
127.0528653334 37.4963545322
127.0631128497 37.4944641765
127.0795684369 37.4936620223
127.0959553295 37.4974414488
127.1121262263 37.499140010
127.124506007 37.4955282395
127.1282092553 37.501803363
127.1337670971 37.5091755273
127.1438091473 37.5171066407
127.1339815288 37.5215661169
127.1191744691 37.5278969748
127.1093475405 37.5288840032
127.1021379418 37.52306366534
127.0952718183 37.518843231
127.0774185444 37.5167316278
127.0666898773 37.515404723
127.060257214 37.5144512974
