228
127.04881 37.5045644
127.0485649 37.5044931
127.0481041 37.5043489
127.0479426 37.5043005
127.0471612 37.504047
127.0457373 37.503589
127.0456978 37.5035781
127.0456379 37.5035607
127.0454471 37.5035032
127.0443212 37.5031491
127.0436324 37.5029301
127.0433535 37.5028479
127.0434164 37.5027238
127.0444001 37.5030223
127.0455192 37.5033665
127.0457123 37.503424
127.0458026 37.5034541
127.0464384 37.5036503
127.0472368 37.5038976
127.0480036 37.504143
127.0481707 37.5041951
127.0488427 37.504395
127.0489251 37.5044197
127.0489545 37.5044279
127.0490166 37.5044471
127.0493881 37.5045603
127.0495113 37.5045968
127.0496062 37.5046188
127.0499145 37.5047083
127.0501121 37.5047694
127.0508395 37.5049867
127.0512765 37.5051263
127.0519619 37.5053461
127.0528507 37.5056163
127.052975 37.5056501
127.0536616 37.5058654
127.0537621 37.5058982
127.0538468 37.5059238
127.0550971 37.5063053
127.0556346 37.5064813
127.0558955 37.5065643
127.0563912 37.5067239
127.0565448 37.5067713
127.0566272 37.5067969
127.0568452 37.5068644
127.0570316 37.5069219
127.0571242 37.5069511
127.0573342 37.507014
127.0575443 37.5070833
127.0576719 37.5071217
127.0581598 37.5072758
127.0586036 37.5074127
127.0588216 37.5074802
127.0592181 37.5076007
127.059401 37.5076563
127.0594643 37.5076755
127.0596754 37.5077448
127.059715 37.5077576
127.060763 37.5080923
127.0612498 37.508241
127.0619975 37.50847
127.0624481 37.508606
127.062901 37.5087591
127.0630444 37.5088047
127.0632409 37.5088649
127.0632963 37.5088804
127.0633754 37.5089005
127.0635934 37.5089545
127.0639853 37.5090777
127.0646349 37.5092612
127.0656728 37.5095796
127.066364 37.5097994
127.0664657 37.509834
127.0673937 37.5099979
127.0674389 37.5100061
127.0675564 37.5100291
127.0679543 37.5100982
127.0704561 37.5104841
127.0705296 37.5104951
127.0705827 37.5105043
127.070646 37.5105163
127.0709603 37.5105688
127.0712101 37.5106103
127.0713164 37.5106278
127.0717888 37.5107178
127.0728718 37.5108948
127.074026 37.5110838
127.0752876 37.5112776
127.0774593 37.5116189
127.0779986 37.5117037
127.0782236 37.5117397
127.0783604 37.5117618
127.0785537 37.5117977
127.0787935 37.5118048
127.0788783 37.5118069
127.0789994 37.5118074
127.0792551 37.5118074
127.0794928 37.5117947
127.0796264 37.5117889
127.0804423 37.5117728
127.0810183 37.5117541
127.0818491 37.5117219
127.0825202 37.5117
127.0830012 37.5116746
127.0850961 37.5115973
127.0853214 37.5115773
127.0854697 37.5115643
127.0855874 37.5115548
127.0858941 37.5115361
127.0860469 37.5115303
127.0874084 37.5114729
127.0875759 37.5114663
127.0881271 37.5114502
127.0881689 37.5114494
127.0884111 37.5114475
127.0886216 37.5114474
127.0888704 37.5114627
127.0919171 37.5117635
127.0919985 37.511771
127.09215 37.5117859
127.0922292 37.5117934
127.0923536 37.5118046
127.0924464 37.5118122
127.0924871 37.511815
127.0925674 37.5118216
127.0928953 37.5118561
127.0930163 37.5118691
127.0932176 37.5118941
127.0933657 37.5119127
127.0945725 37.5120232
127.0947738 37.5120473
127.0953042 37.5121014
127.0955371 37.5121247
127.0961059 37.5121934
127.0963659 37.5122375
127.0968937 37.5123619
127.097601 37.512559
127.0982304 37.5127189
127.0988948 37.512887
127.099287 37.5129776
127.0999762 37.5131584
127.1000214 37.5131703
127.1001514 37.513205
127.1007095 37.5133601
127.1011206 37.5135147
127.1014854 37.5136493
127.1018908 37.5137994
127.1021618 37.5138995
127.1045148 37.5146744
127.1050615 37.5148547
127.1051406 37.5148811
127.1060984 37.5152034
127.1064023 37.5153099
127.1065762 37.5153745
127.1065943 37.5153808
127.1066745 37.5154081
127.1072619 37.515594
127.1074438 37.5156496
127.1077364 37.5157416
127.1082119 37.5159081
127.108674 37.5160493
127.1090772 37.5161886
127.1104373 37.5166492
127.1106993 37.516742
127.1110167 37.5168548
127.1114413 37.5170193
127.1116996 37.5171833
127.1118962 37.5172534
127.1120385 37.517307
127.112086 37.5173135
127.1121346 37.5173163
127.1122296 37.5173248
127.1123959 37.5173352
127.1124276 37.5173353
127.1124649 37.5173364
127.1125521 37.5173385
127.1126607 37.5173343
127.1127388 37.5173273
127.1128555 37.5173151
127.1128917 37.5173125
127.1130887 37.5172942
127.1132653 37.5172732
127.1134102 37.5172547
127.1136222 37.5171905
127.1137446 37.5171486
127.1139229 37.5170338
127.1140114 37.5169872
127.1153107 37.5164984
127.11561 37.5163804
127.1157744 37.5163178
127.1158618 37.516283
127.1162857 37.516132
127.1165091 37.5160525
127.1168957 37.5159122
127.1169898 37.5158783
127.1171496 37.515822
127.1186743 37.5152825
127.1197184 37.5149091
127.119919 37.5148377
127.1208701 37.5144964
127.1220367 37.5140666
127.122405 37.5139497
127.1226079 37.5138827
127.1227621 37.5138274
127.1228018 37.5138131
127.122922 37.5137648
127.123024 37.5137245
127.123219 37.5136494
127.1236748 37.5134724
127.1239934 37.5133491
127.1248142 37.51302
127.1249991 37.5129448
127.1254119 37.5127578
127.1265492 37.5122827
127.1269494 37.5121245
127.1273575 37.5119716
127.1279244 37.511749
127.1280821 37.5118811
127.1285077 37.5125368
127.1285605 37.512619
127.1289673 37.5131953
127.1290425 37.51331
127.129412 37.5138745
127.1307026 37.5158174
127.1307902 37.5159538
127.1308048 37.5159728
127.1308497 37.5160396
127.1308598 37.5160559
